-14
64
-24
4
98
81
48
57
65
-78
46
-95
59
-36
42
43
-36
39
40
84
-52
74
29
89
15
-33
65
-60
-18
39
100
49
-33
19
-38
-92
-31
-35
5
84
-11
91
33
-91
-13
89
21
4
59
94
-97
50
-21
12
-35
16
-63
-4
-84
-79
53
99
48
-7
11
-54
46
38
81
-61
-80
47
70
-66
-46
-65
89
-61
75
-71
57
67
41
-47
70
-28
-96
45
-56
-11
88
15
51
92
-8
4
-50
90
76
-43
-23
13
-83
-76
-76
93
-6
21
10
42
34
21
69
-70
-82
-82
-9
-43
-70
-75
-89
94
-40
-38
-86
-41
42
51
89
75
58
-11
76
57
-53
-13
51
-21
89
-97
81
-53
17
-37
-40
-60
98
-32
-41
-36
-45
82
-5
17
-16
71
100
-53
-77
-83
21
-80
33
-16
-38
-54
-11
-82
-19
-37
89
-81
7
-50
39
-58
63
21
-31
56
93
51
-96
-36
-91
-42
-84
92
-83
49
34
-84
-60
-53
91
-34
2
-3
-75
-56
